Values
7324
1976
2574
1483
750
6144
43
766
144
1417
1648
142
118
1035
1633
168
30
80
965
821
39
185
30
2425
164
123
30
195
1305
1848
2123
41
43177
2319
489
1085
3911
147
1439
249
692
30
237
527
46
739
166
14122
56
302
495
1579
1593
1158
277
2232
129
887
6726
11353
132
12496
12496
30
573
3218
1750
558
339
43
68
46
243
4609
30
30
1943
279
121
50
871
40
30
3873
2343
52
965
1330
2109
1457
1219
84
1284
514
3171
301
1083
1979
15902
4489
1497
271
1132
456
9737
574
1539
1202
589
5287
688
224
832
111
54
522
741
228
2955
63977
1002
9820
86
4274
778
534
13646
345
240
1686
58
204
675
1642
700
5796
178
30
1191
805
44
136
112
3700
1419
1008
883
8259
1455
1293
2041
238
1272
4916
188
831
3752
129
8622
2242
7457
482
761
32
381
1737
1724
71
68
1206
84
1546
1974
30
3015
417
1288
44
2830
1755
381
3076
238
33
158
10456
50
79
605
226
281
38
5477
358
33
1262
1671
3082
63
30
1794
272
4228
448
2639
36
727
219
2755
70
45
2123
1736
49
159
0
127
2732
5238
7151
1118
46
345
100
246
57
56
1268
28318
3135
35
1897
2505
644
6233
495
272
59
82
9165
1259
62
789
150
1811
3524
3811
30
4571
3113
67
288
27500
52
3245
72
63
962
2429
3627
133
159379
2571
111
39
1094
1031
103
91
211
2963
1863
1480
2788
2861
415
1197
54
3976
214
1634
224
2318
472
1245
224
850
1827
2040
1061
35
978
421
15643
6201
863
702
723
19229
181
777
789
805
1526
14528
493
874
1532
2948
30
1193
2059
1026
39
148
73
3949
207
5768
676
1449
4013
424
258
45
458
11807
2953
31
1639
11047
50
47
66
435
2445
1884
724
1531
3258
33
1276
433
554
47
725
8718
2078
1661
77
1978
257
927
509
2270
473
113
18769
981
125
657
23733
7061
68
374
936
30
910
92
3355
11783
202
145
3280
80
39
144
40
4975
210
99
2496
266
6214
2085
7416
2972
208
614
47277
2248
154
1040
281
2025
187
1580
5384
83
449
1145
294
2703
375
1204
661
189
335
553
1226
4939
1259
6684
331
464
56
420
562
617
9361
1559
30
63
141
627
3339
2232
79
1068
1329
2017
61
1231
189
3498
144
993
346
56
2216
379
1828
209
667
669
135
51
2075
1245
4410
39
61
60
82
5785
1534
4893
8907
2134
771
1664
1734
1129
196
2499
169
288
5688
563
30
218
30
202
129
2368
1408
1496
737
96
4009
612
1609
54
2436
5313
2511
270
2111
1420
114
351
122
1348
37
30
30
179
30441
1411
143
3842
43
11064
548
535
30
488
1479
478
484
281
67
30
79
3311
385
116
70
176
101
110
1234
3821
1992
30
2350
194
2190
410
2408
1711
2691
7716
125
3997
427
692
30
2163
39
141
400
48
91
575
40
4812
72
62
30
1862
128
62
3729
175
2707
1428
834
401
3248
864
614
1095
2985
271
578
30
516
156
1349
272
91
865
30
606
3417
94
123
570
827
422
690
36
551
1918
175
44
5668
1520
30
1898
138
221
30
13113
112
1024
1859
338
248
1035
133
1447
863
830
51
1673
122
8136
211
908
30
3181
2310
56
1563
4208
738
51
51
83
38
1170
2409
611
6302
53
1917
214
1033
1405
1199
427
105
3859
44
295
120
235
1216
6252
187
2763
1321
1158
42
470
583
40
56
791
137
1479
131
5056
1436
32
622
5995
1072
40
797
105
41
2807
83
1202
30
6371
690
1446
2220
180
196
198
102
1773
30
222
151
840
95
2099
30
340
2641
551
174
2565
94
1957
492
67
2597
103
111
558
30
78
342
234
191
30
30
30
30
30
30
30
30
30
0
30
30
30
0
30
30
0
30
30
0
0
30
43
2318
30
30
0
30
11807
0
30
30
50
0
30
30
30
0
0
30
30
30
30
30
0
30
30
30
0
30
30
30
30
222
0
30
0
30
30
30
0
30
30
0
0
30