Values
7320
1975
2573
1483
750
6143
43
766
144
1417
1646
141
117
1035
1630
167
30
80
964
821
39
185
30
2423
164
123
30
195
1305
1846
2123
41
43161
2319
489
1085
3909
147
1439
249
691
30
237
525
45
739
166
14119
56
302
493
1579
1592
1157
276
2232
129
886
6718
11347
132
12296
12296
30
572
3217
1749
558
338
43
68
46
243
4608
30
30
1943
279
121
50
871
40
30
3865
2339
52
965
1313
2108
1454
1219
84
1283
514
3169
301
1072
1977
15893
4488
1497
271
1132
456
9720
573
1538
1202
589
5272
688
224
832
110
54
521
740
228
2954
63316
1002
9815
86
4259
778
532
13631
345
240
1686
58
204
675
1639
698
5795
178
30
1190
805
44
136
112
3699
1419
1008
883
8173
1454
1291
2039
238
1272
4912
188
830
3752
128
8615
2234
7446
478
761
32
380
1737
1723
71
67
1204
84
1541
1973
30
3012
417
1287
44
2829
1754
381
3073
238
33
157
10453
48
79
603
226
281
38
5475
358
33
1261
1669
3076
63
30
1787
271
4224
448
2637
36
726
219
2753
69
45
2123
1733
49
159
0
127
2732
5237
7148
1118
46
345
100
246
57
56
1268
28282
3135
35
1892
2504
644
6228
495
272
59
82
9157
1258
62
783
150
1803
3523
3810
30
4564
3113
67
288
27483
52
3239
72
63
962
2428
3627
130
158702
2570
111
39
1093
1031
102
91
211
2958
1861
1479
2787
2858
414
1194
54
3972
214
1633
221
2318
472
1245
224
850
1826
2039
1060
35
978
421
15592
6200
859
702
723
19166
181
777
789
805
1522
14511
492
871
1530
2945
30
1192
2059
1026
39
147
73
3940
207
5760
676
1448
4010
424
255
45
458
11803
2950
31
1639
11043
50
47
66
435
2444
1883
724
1530
3256
33
1274
433
554
47
724
8716
2077
1661
77
1978
257
927
509
2268
472
113
18749
970
125
657
23708
7060
68
373
936
30
910
92
3352
11773
202
145
3274
80
39
144
40
4973
210
99
2495
266
6205
2085
7415
2970
208
614
47261
2247
154
1040
281
2025
187
1579
5382
81
447
1145
294
2702
374
1204
661
188
335
553
1226
4936
1259
6677
331
464
56
420
562
617
9356
1539
30
63
141
624
3339
2231
79
1068
1328
2015
61
1231
189
3497
144
993
345
56
2215
377
1827
207
667
669
134
51
2075
1244
4384
39
61
60
82
5784
1533
4891
8907
2134
771
1644
1731
1129
196
2499
168
288
5683
562
30
218
30
202
129
2365
1407
1494
737
96
4008
612
1609
54
2435
5312
2511
270
2111
1419
114
351
122
1348
37
30
30
179
30395
1408
143
3842
43
11060
548
535
30
488
1479
476
480
280
67
30
79
3308
385
116
70
176
101
110
1234
3818
1990
30
2349
194
2190
410
2408
1711
2690
7713
124
3996
427
691
30
2162
39
141
400
48
91
575
40
4811
72
62
30
1862
127
62
3729
174
2707
1427
833
401
3246
862
613
1095
2983
271
577
30
516
156
1349
271
89
865
30
604
3407
94
123
570
825
422
690
36
546
1917
175
44
5665
1520
30
1890
138
221
30
13109
112
1020
1858
338
248
1034
133
1447
863
829
51
1673
122
8136
211
908
30
3180
2307
56
1562
4188
737
51
51
83
38
1170
2408
611
6301
53
1915
212
1031
1404
1199
426
105
3857
44
295
120
235
1215
6250
187
2761
1316
1158
42
470
583
40
56
791
137
1478
131
5054
1434
32
622
5987
1072
40
794
105
38
2806
83
1202
30
6342
682
1445
2216
179
196
198
102
1773
30
222
150
838
94
2091
30
340
2640
551
174
2565
94
1955
491
67
2596
102
109
558
30
77
341
232
191
30
30
30
30
30
30
30
30
30
0
30
30
30
0
30
30
0
30
30
0
0
30
43
2318
30
30
0
30
11803
0
30
30
50
0
30
30
30
0
0
30
30
30
30
30
0
30
30
30
0
30
30
30
30
222
0
30
0
30
30
30
0
30
30
0
0
30