Values
7321
1975
2573
1483
750
6143
43
766
144
1417
1647
142
117
1035
1631
167
30
80
965
821
39
185
30
2423
164
123
30
195
1305
1846
2123
41
43167
2319
489
1085
3910
147
1439
249
692
30
237
526
46
739
166
14120
56
302
494
1579
1592
1157
276
2232
129
886
6722
11349
132
12378
12378
30
573
3218
1750
558
338
43
68
46
243
4608
30
30
1943
279
121
50
871
40
30
3867
2340
52
965
1317
2109
1455
1219
84
1283
514
3169
301
1073
1978
15899
4488
1497
271
1132
456
9729
573
1538
1202
589
5285
688
224
832
110
54
521
740
228
2954
63554
1002
9816
86
4265
778
533
13644
345
240
1686
58
204
675
1639
698
5795
178
30
1190
805
44
136
112
3700
1419
1008
883
8196
1454
1293
2039
238
1272
4912
188
830
3752
128
8616
2235
7447
479
761
32
380
1737
1724
71
67
1204
84
1543
1973
30
3013
417
1287
44
2829
1754
381
3074
238
33
157
10456
48
79
603
226
281
38
5477
358
33
1262
1671
3078
63
30
1789
271
4224
448
2637
36
726
219
2754
69
45
2123
1733
49
159
0
127
2732
5237
7148
1118
46
345
100
246
57
56
1268
28299
3135
35
1896
2504
644
6231
495
272
59
82
9158
1258
62
784
150
1803
3524
3810
30
4566
3113
67
288
27487
52
3241
72
63
962
2428
3627
133
158824
2570
111
39
1093
1031
102
91
211
2961
1861
1479
2787
2860
414
1194
54
3974
214
1634
223
2318
472
1245
224
850
1827
2039
1060
35
978
421
15607
6200
859
702
723
19187
181
777
789
805
1522
14514
492
872
1531
2945
30
1192
2059
1026
39
148
73
3942
207
5761
676
1448
4010
424
255
45
458
11803
2950
31
1639
11044
50
47
66
435
2445
1883
724
1530
3256
33
1275
433
554
47
724
8717
2078
1661
77
1978
257
927
509
2268
472
113
18755
970
125
657
23715
7061
68
373
936
30
910
92
3352
11777
202
145
3274
80
39
144
40
4974
210
99
2495
266
6206
2085
7415
2970
208
614
47264
2247
154
1040
281
2025
187
1579
5384
81
447
1145
294
2702
374
1204
661
188
335
553
1226
4937
1259
6683
331
464
56
420
562
617
9359
1545
30
63
141
624
3339
2231
79
1068
1328
2015
61
1231
189
3497
144
993
345
56
2216
379
1828
208
667
669
134
51
2075
1244
4391
39
61
60
82
5784
1533
4892
8907
2134
771
1650
1732
1129
196
2499
168
288
5687
562
30
218
30
202
129
2365
1407
1495
737
96
4009
612
1609
54
2436
5312
2511
270
2111
1419
114
351
122
1348
37
30
30
179
30419
1411
143
3842
43
11061
548
535
30
488
1479
477
480
281
67
30
79
3310
385
116
70
176
101
110
1234
3819
1991
30
2350
194
2190
410
2408
1711
2691
7715
124
3997
427
691
30
2163
39
141
400
48
91
575
40
4811
72
62
30
1862
128
62
3729
174
2707
1427
833
401
3246
862
613
1095
2984
271
578
30
516
156
1349
271
90
865
30
605
3409
94
123
570
825
422
690
36
548
1917
175
44
5666
1520
30
1894
138
221
30
13111
112
1020
1858
338
248
1034
133
1447
863
829
51
1673
122
8136
211
908
30
3180
2307
56
1562
4194
738
51
51
83
38
1170
2409
611
6301
53
1915
212
1031
1404
1199
427
105
3857
44
295
120
235
1215
6250
187
2763
1318
1158
42
470
583
40
56
791
137
1478
131
5054
1434
32
622
5987
1072
40
794
105
40
2806
83
1202
30
6350
686
1445
2219
179
196
198
102
1773
30
222
151
840
94
2091
30
340
2640
551
174
2565
94
1956
491
67
2597
103
110
558
30
77
342
232
191
30
30
30
30
30
30
30
30
30
0
30
30
30
0
30
30
0
30
30
0
0
30
43
2318
30
30
0
30
11803
0
30
30
50
0
30
30
30
0
0
30
30
30
30
30
0
30
30
30
0
30
30
30
30
222
0
30
0
30
30
30
0
30
30
0
0
30