Values
7321
1976
2574
1483
750
6144
43
766
144
1417
1647
142
118
1035
1631
168
30
80
965
821
39
185
30
2423
164
123
30
195
1305
1848
2123
41
43169
2319
489
1085
3910
147
1439
249
692
30
237
526
46
739
166
14121
56
302
494
1579
1593
1157
277
2232
129
886
6723
11349
132
12429
12429
30
573
3218
1750
558
338
43
68
46
243
4608
30
30
1943
279
121
50
871
40
30
3871
2343
52
965
1326
2109
1455
1219
84
1284
514
3170
301
1079
1978
15900
4488
1497
271
1132
456
9736
573
1538
1202
589
5285
688
224
832
110
54
521
740
228
2954
63702
1002
9818
86
4268
778
534
13645
345
240
1686
58
204
675
1640
698
5795
178
30
1190
805
44
136
112
3700
1419
1008
883
8214
1454
1293
2040
238
1272
4913
188
830
3752
128
8618
2236
7447
481
761
32
380
1737
1724
71
67
1204
84
1546
1973
30
3015
417
1287
44
2830
1754
381
3075
238
33
157
10456
48
79
603
226
281
38
5477
358
33
1262
1671
3080
63
30
1790
271
4225
448
2637
36
726
219
2754
69
45
2123
1735
49
159
0
127
2732
5237
7148
1118
46
345
100
246
57
56
1268
28305
3135
35
1896
2504
644
6231
495
272
59
82
9164
1258
62
787
150
1803
3524
3811
30
4567
3113
67
288
27490
52
3242
72
63
962
2428
3627
133
159010
2570
111
39
1093
1031
102
91
211
2961
1861
1479
2787
2860
415
1194
54
3974
214
1634
224
2318
472
1245
224
850
1827
2040
1060
35
978
421
15620
6201
859
702
723
19210
181
777
789
805
1523
14516
492
873
1532
2945
30
1193
2059
1026
39
148
73
3944
207
5763
676
1448
4013
424
255
45
458
11803
2952
31
1639
11046
50
47
66
435
2445
1883
724
1530
3256
33
1275
433
554
47
724
8717
2078
1661
77
1978
257
927
509
2269
472
113
18759
970
125
657
23723
7061
68
373
936
30
910
92
3353
11779
202
145
3278
80
39
144
40
4974
210
99
2495
266
6207
2085
7415
2970
208
614
47266
2247
154
1040
281
2025
187
1580
5384
81
447
1145
294
2702
374
1204
661
188
335
553
1226
4937
1259
6683
331
464
56
420
562
617
9359
1548
30
63
141
625
3339
2231
79
1068
1328
2016
61
1231
189
3497
144
993
345
56
2216
379
1828
208
667
669
135
51
2075
1244
4402
39
61
60
82
5785
1533
4892
8907
2134
771
1652
1732
1129
196
2499
168
288
5687
563
30
218
30
202
129
2365
1407
1495
737
96
4009
612
1609
54
2436
5312
2511
270
2111
1420
114
351
122
1348
37
30
30
179
30428
1411
143
3842
43
11062
548
535
30
488
1479
478
482
281
67
30
79
3311
385
116
70
176
101
110
1234
3820
1991
30
2350
194
2190
410
2408
1711
2691
7716
124
3997
427
692
30
2163
39
141
400
48
91
575
40
4811
72
62
30
1862
128
62
3729
174
2707
1428
833
401
3246
862
614
1095
2985
271
578
30
516
156
1349
271
90
865
30
605
3414
94
123
570
825
422
690
36
551
1917
175
44
5666
1520
30
1896
138
221
30
13111
112
1021
1859
338
248
1034
133
1447
863
829
51
1673
122
8136
211
908
30
3181
2308
56
1562
4201
738
51
51
83
38
1170
2409
611
6301
53
1915
214
1031
1405
1199
427
105
3857
44
295
120
235
1215
6251
187
2763
1318
1158
42
470
583
40
56
791
137
1478
131
5054
1434
32
622
5989
1072
40
794
105
41
2806
83
1202
30
6361
687
1445
2219
179
196
198
102
1773
30
222
151
840
95
2093
30
340
2640
551
174
2565
94
1956
491
67
2597
103
110
558
30
78
342
232
191
30
30
30
30
30
30
30
30
30
0
30
30
30
0
30
30
0
30
30
0
0
30
43
2318
30
30
0
30
11803
0
30
30
50
0
30
30
30
0
0
30
30
30
30
30
0
30
30
30
0
30
30
30
30
222
0
30
0
30
30
30
0
30
30
0
0
30