Values
7323
1976
2574
1483
750
6144
43
766
144
1417
1647
142
118
1035
1632
168
30
80
965
821
39
185
30
2424
164
123
30
195
1305
1848
2123
41
43173
2319
489
1085
3911
147
1439
249
692
30
237
527
46
739
166
14122
56
302
494
1579
1593
1158
277
2232
129
887
6725
11353
132
12465
12465
30
573
3218
1750
558
339
43
68
46
243
4608
30
30
1943
279
121
50
871
40
30
3871
2343
52
965
1330
2109
1457
1219
84
1284
514
3170
301
1082
1979
15901
4489
1497
271
1132
456
9737
574
1539
1202
589
5285
688
224
832
111
54
521
741
228
2955
63851
1002
9819
86
4274
778
534
13645
345
240
1686
58
204
675
1642
699
5795
178
30
1190
805
44
136
112
3700
1419
1008
883
8234
1454
1293
2040
238
1272
4915
188
831
3752
129
8620
2240
7450
481
761
32
381
1737
1724
71
67
1205
84
1546
1974
30
3015
417
1287
44
2830
1754
381
3076
238
33
158
10456
50
79
603
226
281
38
5477
358
33
1262
1671
3082
63
30
1794
271
4228
448
2639
36
727
219
2754
70
45
2123
1735
49
159
0
127
2732
5237
7149
1118
46
345
100
246
57
56
1268
28312
3135
35
1896
2504
644
6231
495
272
59
82
9164
1258
62
787
150
1810
3524
3811
30
4570
3113
67
288
27493
52
3244
72
63
962
2429
3627
133
159378
2571
111
39
1093
1031
103
91
211
2962
1861
1479
2788
2860
415
1196
54
3974
214
1634
224
2318
472
1245
224
850
1827
2040
1060
35
978
421
15631
6201
860
702
723
19220
181
777
789
805
1524
14524
493
873
1532
2946
30
1193
2059
1026
39
148
73
3947
207
5764
676
1448
4013
424
257
45
458
11803
2953
31
1639
11047
50
47
66
435
2445
1883
724
1530
3258
33
1276
433
554
47
724
8717
2078
1661
77
1978
257
927
509
2270
472
113
18764
974
125
657
23730
7061
68
374
936
30
910
92
3355
11781
202
145
3280
80
39
144
40
4975
210
99
2495
266
6208
2085
7416
2971
208
614
47273
2248
154
1040
281
2025
187
1580
5384
81
447
1145
294
2702
375
1204
661
188
335
553
1226
4938
1259
6684
331
464
56
420
562
617
9360
1551
30
63
141
625
3339
2231
79
1068
1329
2017
61
1231
189
3497
144
993
346
56
2216
379
1828
209
667
669
135
51
2075
1245
4405
39
61
60
82
5785
1534
4893
8907
2134
771
1664
1732
1129
196
2499
169
288
5687
563
30
218
30
202
129
2367
1407
1495
737
96
4009
612
1609
54
2436
5312
2511
270
2111
1420
114
351
122
1348
37
30
30
179
30439
1411
143
3842
43
11064
548
535
30
488
1479
478
482
281
67
30
79
3311
385
116
70
176
101
110
1234
3820
1991
30
2350
194
2190
410
2408
1711
2691
7716
125
3997
427
692
30
2163
39
141
400
48
91
575
40
4812
72
62
30
1862
128
62
3729
174
2707
1428
833
401
3246
862
614
1095
2985
271
578
30
516
156
1349
271
90
865
30
605
3417
94
123
570
825
422
690
36
551
1918
175
44
5666
1520
30
1898
138
221
30
13111
112
1024
1859
338
248
1035
133
1447
863
829
51
1673
122
8136
211
908
30
3181
2310
56
1563
4208
738
51
51
83
38
1170
2409
611
6301
53
1916
214
1032
1405
1199
427
105
3858
44
295
120
235
1216
6251
187
2763
1320
1158
42
470
583
40
56
791
137
1478
131
5055
1435
32
622
5989
1072
40
794
105
41
2807
83
1202
30
6371
690
1445
2219
180
196
198
102
1773
30
222
151
840
95
2094
30
340
2641
551
174
2565
94
1957
492
67
2597
103
111
558
30
78
342
232
191
30
30
30
30
30
30
30
30
30
0
30
30
30
0
30
30
0
30
30
0
0
30
43
2318
30
30
0
30
11803
0
30
30
50
0
30
30
30
0
0
30
30
30
30
30
0
30
30
30
0
30
30
30
30
222
0
30
0
30
30
30
0
30
30
0
0
30